NZ_QPEQ01000001.1,ISBuph1,87.40,770,96,1,1917141,1917910,818,50,0.0,749
NZ_QPEQ01000001.1,ISBuph1,82.79,924,144,5,3887565,3888488,909,1,3e-153,551
NZ_QPEQ01000001.1,ISBuph1,84.51,639,98,1,90873,91511,153,790,6e-130,474
NZ_QPEQ01000001.1,ISBuph1,87.00,223,29,0,406480,406702,223,1,3e-51,212
NZ_QPEQ01000001.1,ISBuph1,82.57,218,38,0,406229,406446,909,692,1e-26,131
NZ_QPEQ01000001.1,ISBuph1,97.18,71,2,0,1920581,1920651,120,50,6e-25,125
NZ_QPEQ01000001.1,ISBuph1,90.91,77,7,0,762441,762517,715,791,1e-16,97.6
NZ_QPEQ01000001.1,ISThsp9,86.84,722,94,1,1829628,1830349,1853,1133,0.0,670
NZ_QPEQ01000001.1,ISBp1,85.36,765,109,2,1243559,1244320,765,1,2e-172,615
NZ_QPEQ01000001.1,ISBp1,85.23,765,110,2,404404,405165,1,765,6e-170,607
NZ_QPEQ01000001.1,ISBp1,85.10,765,110,3,3117103,3117863,1,765,4e-165,591
NZ_QPEQ01000001.1,ISBp1,92.64,163,12,0,1243169,1243331,1199,1037,6e-56,228
NZ_QPEQ01000001.1,ISBp1,92.59,162,12,0,405392,405553,1037,1198,2e-55,226
NZ_QPEQ01000001.1,ISBp1,92.59,162,12,0,3118090,3118251,1037,1198,2e-55,226
NZ_QPEQ01000001.1,ISBp1,98.91,92,1,0,2232448,2232539,1198,1107,7e-40,174
NZ_QPEQ01000001.1,ISBp1,85.05,107,16,0,405656,405762,683,789,5e-13,85.7
NZ_QPEQ01000001.1,ISBp1,85.05,107,16,0,1321668,1321774,683,789,5e-13,85.7
NZ_QPEQ01000001.1,ISBp1,89.23,65,7,0,405908,405972,935,999,2e-09,73.8
NZ_QPEQ01000001.1,ISBp1,89.23,65,7,0,1321920,1321984,935,999,2e-09,73.8
NZ_QPEQ01000001.1,ISXc4,82.96,722,122,1,1829628,1830348,1855,1134,3e-122,448
NZ_QPEQ01000001.1,ISRso16,85.56,360,52,0,89800,90159,1,360,5e-78,301
NZ_QPEQ01000001.1,ISRso16,82.95,346,59,0,90250,90595,893,1238,5e-53,218
NZ_QPEQ01000001.1,ISRso16,90.00,60,6,0,3479279,3479338,241,182,8e-09,71.9
NZ_QPEQ01000001.1,ISRso16,90.00,60,6,0,3240586,3240645,241,182,8e-09,71.9
NZ_QPEQ01000001.1,ISRso16,90.00,60,6,0,3055778,3055837,241,182,8e-09,71.9
NZ_QPEQ01000001.1,ISRso16,90.00,60,6,0,1031198,1031257,241,182,8e-09,71.9
NZ_QPEQ01000001.1,ISRso16,90.00,60,6,0,109647,109706,241,182,8e-09,71.9
NZ_QPEQ01000001.1,ISPa38,84.62,351,53,1,1832728,1833078,2973,3322,2e-65,260
NZ_QPEQ01000001.1,ISMca5,82.13,263,47,0,2917691,2917953,651,913,4e-32,149
NZ_QPEQ01000001.1,ISCsp1,82.48,234,41,0,2917714,2917947,656,889,4e-29,139
NZ_QPEQ01000001.1,ISCsp1,84.07,113,16,2,2917540,2917651,369,480,5e-07,65.9
NZ_QPEQ01000001.1,ISCARN45,81.43,237,44,0,2917688,2917924,654,890,9e-24,121
NZ_QPEQ01000001.1,IS1090,84.15,164,26,0,2917692,2917855,637,800,4e-23,119
NZ_QPEQ01000001.1,IS1090,97.44,39,1,0,2917540,2917578,372,410,3e-08,69.9
NZ_QPEQ01000001.1,ISRso7,80.53,262,51,0,2917692,2917953,637,898,6e-22,115
NZ_QPEQ01000001.1,ISEc58,80.38,260,51,0,2917694,2917953,630,889,9e-21,111
NZ_QPEQ01000001.1,ISBfun3,100.00,53,0,0,577163,577215,1575,1627,6e-19,105
NZ_QPEQ01000001.1,ISRta2,83.89,149,24,0,2917707,2917855,662,810,6e-19,105
NZ_QPEQ01000001.1,ISAeme6,89.01,91,10,0,1919862,1919952,498,588,9e-18,101
NZ_QPEQ01000001.1,ISAeme6,97.37,38,1,0,1919632,1919669,267,304,1e-07,67.9
NZ_QPEQ01000001.1,ISAs22,89.53,86,9,0,1919861,1919946,497,582,3e-17,99.6
NZ_QPEQ01000001.1,ISSusp2,85.12,121,18,0,1919874,1919994,513,633,1e-16,97.6
NZ_QPEQ01000001.1,ISPa125,79.69,256,52,0,2917692,2917947,637,892,5e-16,95.6
NZ_QPEQ01000001.1,ISAeca6,90.00,80,8,0,1919873,1919952,509,588,5e-16,95.6
NZ_QPEQ01000001.1,ISMaq1,85.34,116,17,0,1919882,1919997,517,632,5e-16,95.6
NZ_QPEQ01000001.1,ISBcen16,89.02,82,9,0,3431007,3431088,1323,1404,8e-15,91.7
NZ_QPEQ01000001.1,ISBcen16,92.16,51,4,0,3430169,3430219,487,537,3e-08,69.9
NZ_QPEQ01000001.1,ISXcd1,77.83,397,88,0,1919880,1920276,514,910,3e-14,89.7
NZ_QPEQ01000001.1,ISKpn54,84.82,112,17,0,3478458,3478569,1061,950,1e-13,87.7
NZ_QPEQ01000001.1,ISKpn54,84.82,112,17,0,3239765,3239876,1061,950,1e-13,87.7
NZ_QPEQ01000001.1,ISKpn54,84.82,112,17,0,3054957,3055068,1061,950,1e-13,87.7
NZ_QPEQ01000001.1,ISKpn54,84.82,112,17,0,1030377,1030488,1061,950,1e-13,87.7
NZ_QPEQ01000001.1,ISKpn54,84.82,112,17,0,108826,108937,1061,950,1e-13,87.7
NZ_QPEQ01000001.1,ISBcen15,78.93,280,59,0,89874,90153,76,355,1e-13,87.7
NZ_QPEQ01000001.1,ISBcen15,86.67,75,10,0,90358,90432,1002,1076,3e-08,69.9
NZ_QPEQ01000001.1,ISKpn20,88.61,79,9,0,1919862,1919940,498,576,5e-13,85.7
NZ_QPEQ01000001.1,ISShes11,84.03,119,19,0,3049299,3049417,2769,2651,5e-13,85.7
NZ_QPEQ01000001.1,ISBmu5,84.25,127,15,2,3431007,3431132,1325,1447,2e-12,83.8
NZ_QPEQ01000001.1,ISBmu5,87.50,80,10,0,3430142,3430221,459,538,3e-11,79.8
NZ_QPEQ01000001.1,ISBmu6,87.80,82,10,0,3431007,3431088,1323,1404,2e-12,83.8
NZ_QPEQ01000001.1,ISBcen10,87.80,82,10,0,3431007,3431088,1325,1406,2e-12,83.8
NZ_QPEQ01000001.1,ISBcen10,82.64,121,21,0,3430142,3430262,459,579,2e-09,73.8
NZ_QPEQ01000001.1,ISRso12,84.95,93,14,0,3478487,3478579,1036,944,2e-09,73.8
NZ_QPEQ01000001.1,ISRso12,84.95,93,14,0,3239794,3239886,1036,944,2e-09,73.8
NZ_QPEQ01000001.1,ISRso12,84.95,93,14,0,3054986,3055078,1036,944,2e-09,73.8
NZ_QPEQ01000001.1,ISRso12,84.95,93,14,0,1030406,1030498,1036,944,2e-09,73.8
NZ_QPEQ01000001.1,ISRso12,84.95,93,14,0,108855,108947,1036,944,2e-09,73.8
NZ_QPEQ01000001.1,ISHar1,95.35,43,2,0,3430890,3430932,1209,1251,3e-08,69.9
NZ_QPEQ01000001.1,ISEch12,80.82,146,28,0,3478458,3478603,1061,916,1e-07,67.9
NZ_QPEQ01000001.1,ISEch12,80.82,146,28,0,3239765,3239910,1061,916,1e-07,67.9
NZ_QPEQ01000001.1,ISEch12,80.82,146,28,0,3054957,3055102,1061,916,1e-07,67.9
NZ_QPEQ01000001.1,ISEch12,80.82,146,28,0,1030377,1030522,1061,916,1e-07,67.9
NZ_QPEQ01000001.1,ISEch12,80.82,146,28,0,108826,108971,1061,916,1e-07,67.9
NZ_QPEQ01000001.1,ISBma2,92.00,50,4,0,577166,577215,1524,1573,1e-07,67.9
NZ_QPEQ01000001.1,ISSisp1,89.66,58,6,0,404614,404671,239,296,1e-07,67.9
NZ_QPEQ01000001.1,ISSisp1,89.66,58,6,0,1244053,1244110,296,239,1e-07,67.9
NZ_QPEQ01000001.1,ISKpn10,86.96,69,9,0,1919869,1919937,505,573,5e-07,65.9
